5;7;13;14;21;38;49;58;76;87;90;110;122;125;128;130;151;157;181;192;194;195;198;207;221;222;234;239;243;254;263;264;268;269;272;276;279;291;295;299;303;305;308;312;314;318;327;328;334;339;354;373;380;2;4;
1;5;7;13;15;21;22;38;49;69;92;100;104;110;113;116;126;130;146;159;178;179;181;193;199;206;222;223;224;234;236;268;276;279;286;291;299;303;314;327;328;334;336;342;363;3;
1;7;13;15;21;38;49;85;88;90;100;104;110;116;128;130;151;158;159;178;181;189;194;222;234;254;264;279;286;299;303;308;312;318;327;328;334;342;344;354;358;363;373;380;381;
1;5;7;13;15;21;38;42;49;87;92;100;110;119;125;130;151;158;181;184;194;195;222;224;254;264;268;270;276;279;280;286;291;295;299;303;308;312;314;328;334;336;339;354;363;3;
5;7;13;21;87;90;92;104;110;116;125;130;144;151;159;160;178;181;189;193;195;207;222;234;235;254;268;269;270;276;279;280;291;295;303;312;314;328;334;336;339;341;354;363;365;373;3;
5;7;13;14;21;38;49;58;76;87;90;110;122;125;128;130;151;157;181;192;194;195;198;207;221;222;234;239;243;254;263;264;268;269;272;276;279;291;295;299;303;305;308;312;314;318;327;328;334;339;354;373;380;2;4;
;
5;7;13;14;21;38;49;58;76;87;90;110;122;125;128;130;151;157;181;192;194;195;198;207;221;222;234;239;243;254;263;264;268;269;272;276;279;291;295;299;303;305;308;312;314;318;327;328;334;339;354;373;380;2;4;
;
1;5;7;13;15;21;22;38;49;69;92;100;104;110;113;116;126;130;146;159;178;179;181;193;199;206;222;223;224;234;236;268;276;279;286;291;299;303;314;327;328;334;336;342;363;3;
;382;
5;7;13;14;21;38;49;58;76;87;90;110;122;125;128;130;151;157;181;192;194;195;198;207;221;222;234;239;243;254;263;264;268;269;272;276;279;291;295;299;303;305;308;312;314;318;327;328;334;339;354;373;380;2;4;
;
1;5;7;13;15;21;22;38;49;69;92;100;104;110;113;116;126;130;146;159;178;179;181;193;199;206;222;223;224;234;236;268;276;279;286;291;299;303;314;327;328;334;336;342;363;3;
;382;
1;7;13;15;21;38;49;85;88;90;100;104;110;116;128;130;151;158;159;178;181;189;194;222;234;254;264;279;286;299;303;308;312;318;327;328;334;342;344;354;358;363;373;380;381;
;
5;7;13;14;21;38;49;58;76;87;90;110;122;125;128;130;151;157;181;192;194;195;198;207;221;222;234;239;243;254;263;264;268;269;272;276;279;291;295;299;303;305;308;312;314;318;327;328;334;339;354;373;380;2;4;
;
1;5;7;13;15;21;22;38;49;69;92;100;104;110;113;116;126;130;146;159;178;179;181;193;199;206;222;223;224;234;236;268;276;279;286;291;299;303;314;327;328;334;336;342;363;3;
;382;
1;7;13;15;21;38;49;85;88;90;100;104;110;116;128;130;151;158;159;178;181;189;194;222;234;254;264;279;286;299;303;308;312;318;327;328;334;342;344;354;358;363;373;380;381;
;
1;5;7;13;15;21;38;42;49;87;92;100;110;119;125;130;151;158;181;184;194;195;222;224;254;264;268;270;276;279;280;286;291;295;299;303;308;312;314;328;334;336;339;354;363;3;
;
5;7;13;14;21;38;49;58;76;87;90;110;122;125;128;130;151;157;181;192;194;195;198;207;221;222;234;239;243;254;263;264;268;269;272;276;279;291;295;299;303;305;308;312;314;318;327;328;334;339;354;373;380;2;4;
;
1;5;7;13;15;21;22;38;49;69;92;100;104;110;113;116;126;130;146;159;178;179;181;193;199;206;222;223;224;234;236;268;276;279;286;291;299;303;314;327;328;334;336;342;363;3;
;382;
1;7;13;15;21;38;49;85;88;90;100;104;110;116;128;130;151;158;159;178;181;189;194;222;234;254;264;279;286;299;303;308;312;318;327;328;334;342;344;354;358;363;373;380;381;
;
1;5;7;13;15;21;38;42;49;87;92;100;110;119;125;130;151;158;181;184;194;195;222;224;254;264;268;270;276;279;280;286;291;295;299;303;308;312;314;328;334;336;339;354;363;3;
;
5;7;13;21;87;90;92;104;110;116;125;130;144;151;159;160;178;181;189;193;195;207;222;234;235;254;268;269;270;276;279;280;291;295;303;312;314;328;334;336;339;341;354;363;365;373;3;
;
5;7;13;14;21;38;49;58;76;87;90;110;122;125;128;130;151;157;181;192;194;195;198;207;221;222;234;239;243;254;263;264;268;269;272;276;279;291;295;299;303;305;308;312;314;318;327;328;334;339;354;373;380;2;4;
;
1;5;7;13;15;21;22;38;49;69;92;100;104;110;113;116;126;130;146;159;178;179;181;193;199;206;222;223;224;234;236;268;276;279;286;291;299;303;314;327;328;334;336;342;363;3;
;382;
1;7;13;15;21;38;49;85;88;90;100;104;110;116;128;130;151;158;159;178;181;189;194;222;234;254;264;279;286;299;303;308;312;318;327;328;334;342;344;354;358;363;373;380;381;
;
1;5;7;13;15;21;38;42;49;87;92;100;110;119;125;130;151;158;181;184;194;195;222;224;254;264;268;270;276;279;280;286;291;295;299;303;308;312;314;328;334;336;339;354;363;3;
;
5;7;13;21;87;90;92;104;110;116;125;130;144;151;159;160;178;181;189;193;195;207;222;234;235;254;268;269;270;276;279;280;291;295;303;312;314;328;334;336;339;341;354;363;365;373;3;
;
;
1;5;7;13;15;21;22;38;49;69;92;100;104;110;113;116;126;130;146;159;178;179;181;193;199;206;222;223;224;234;236;268;276;279;286;291;299;303;314;327;328;334;336;342;363;3;383;
1;5;7;13;15;21;22;38;49;69;92;100;104;110;113;116;126;130;146;159;178;179;181;193;199;206;222;223;224;234;236;268;276;279;286;291;299;303;314;327;328;334;336;342;363;3;383;384;
1;5;7;13;15;21;22;38;49;69;92;100;104;110;113;116;126;130;146;159;178;179;181;193;199;206;222;223;224;234;236;268;276;279;286;291;299;303;314;327;328;334;336;342;363;3;383;384;385;
1;5;7;13;15;21;22;38;49;69;92;100;104;110;113;116;126;130;146;159;178;179;181;193;199;206;222;223;224;234;236;268;276;279;286;291;299;303;314;327;328;334;336;342;363;3;383;384;385;386;
